[49m                                                 [m
[49m                                                 [m
[49m                                                 [m
[49m                     [38;2;255;255;255;49m▄▄▄▄[49m                        [m
[49m                  [38;2;255;255;255;49m▄[38;2;0;0;0;48;2;255;255;255m▄▄[48;2;0;0;0m  [38;2;255;255;255;48;2;0;0;0m▄▄[38;2;0;0;0;48;2;255;255;255m▄[38;2;255;255;255;49m▄[49m             [38;2;255;255;255;49m▄▄▄[49m      [m
[49m          [38;2;255;255;255;49m▄[38;2;0;0;0;48;2;255;255;255m▄▄▄▄▄▄▄▄[48;2;0;0;0m  [38;2;0;0;0;48;2;255;255;255m▄[38;2;255;255;255;49m▄▄▄[38;2;0;0;0;48;2;255;255;255m▄▄▄▄▄▄▄▄[38;2;255;255;255;49m▄▄▄▄▄[38;2;0;0;0;48;2;255;255;255m▄▄[48;2;0;0;0m   [38;2;0;0;0;48;2;255;255;255m▄[38;2;255;255;255;49m▄[49m    [m
[49m       [38;2;255;255;255;49m▄[38;2;0;0;0;48;2;255;255;255m▄▄[48;2;0;0;0m              [38;2;0;0;0;48;2;144;144;144m▄[38;2;0;0;0;48;2;97;97;97m▄[38;2;144;144;144;48;2;97;97;97m▄[48;2;97;97;97m   [38;2;97;97;97;48;2;144;144;144m▄[38;2;144;144;144;48;2;112;112;112m▄▄[38;2;144;144;144;48;2;0;0;0m▄[48;2;0;0;0m        [38;2;255;255;255;48;2;0;0;0m▄[48;2;255;255;255m [38;2;0;0;0;48;2;255;255;255m▄▄[38;2;255;255;255;49m▄[49m  [m
[49m      [38;2;255;255;255;49m▄[38;2;0;0;0;48;2;255;255;255m▄[48;2;0;0;0m                  [38;2;0;0;0;48;2;144;144;144m▄[48;2;97;97;97m    [38;2;97;97;97;48;2;144;144;144m▄▄[48;2;144;144;144m [38;2;144;144;144;48;2;0;0;0m▄[48;2;0;0;0m    [38;2;255;255;255;48;2;0;0;0m▄▄▄[48;2;255;255;255m [38;2;0;0;0;48;2;255;255;255m▄[48;2;0;0;0m  [38;2;0;0;0;48;2;255;255;255m▄▄[38;2;255;255;255;49m▄[m
[49m    [38;2;255;255;255;49m▄[38;2;0;0;0;48;2;255;255;255m▄▄[48;2;0;0;0m                    [38;2;0;0;0;48;2;144;144;144m▄▄[48;2;144;144;144m [48;2;97;97;97m   [38;2;97;97;97;48;2;144;144;144m▄[48;2;144;144;144m [38;2;144;144;144;48;2;0;0;0m▄▄[48;2;0;0;0m           [48;2;255;255;255m [m
[49m    [48;2;255;255;255m [48;2;0;0;0m                        [48;2;144;144;144m [38;2;144;144;144;48;2;97;97;97m▄[48;2;97;97;97m   [48;2;144;144;144m   [48;2;0;0;0m         [38;2;255;255;255;48;2;0;0;0m▄▄[49;38;2;255;255;255m▀[m
[49m    [48;2;255;255;255m [48;2;0;0;0m                        [48;2;144;144;144m  [38;2;112;112;112;48;2;97;97;97m▄▄[48;2;97;97;97m [38;2;112;112;112;48;2;144;144;144m▄[48;2;144;144;144m  [48;2;0;0;0m     [38;2;255;255;255;48;2;0;0;0m▄▄▄[49;38;2;255;255;255m▀[49m   [m
[49m [38;2;255;255;255;49m▄▄▄[38;2;0;0;0;48;2;255;255;255m▄[48;2;0;0;0m                        [48;2;144;144;144m    [38;2;97;97;97;48;2;144;144;144m▄[38;2;0;0;0;48;2;97;97;97m▄[38;2;0;0;0;48;2;144;144;144m▄▄[38;2;255;255;255;48;2;0;0;0m▄▄▄▄▄[49;38;2;255;255;255m▀[49m      [m
[48;2;255;255;255m [48;2;0;0;0m                            [48;2;144;144;144m    [48;2;97;97;97m  [48;2;163;163;163m  [48;2;0;0;0m [48;2;255;255;255m [38;2;255;255;255;49m▄▄[49m        [m
[48;2;255;255;255m [38;2;0;0;0;48;2;255;255;255m▄[48;2;0;0;0m                             [38;2;0;0;0;48;2;97;97;97m▄▄[38;2;163;163;163;48;2;97;97;97m▄▄[48;2;163;163;163m  [38;2;255;201;14;48;2;163;163;163m▄[38;2;255;201;14;48;2;0;0;0m▄▄▄[38;2;0;0;0;48;2;255;255;255m▄[38;2;255;255;255;49m▄[49m      [m
[49;38;2;255;255;255m▀▀[48;2;255;255;255m [48;2;0;0;0m                         [48;2;255;255;255m [49;38;2;255;255;255m▀▀▀[48;2;255;255;255m [48;2;0;0;0m  [48;2;255;201;14m      [48;2;0;0;0m [48;2;255;255;255m [49m      [m
[49m   [49;38;2;255;255;255m▀▀▀▀▀▀▀▀▀▀▀[38;2;255;255;255;48;2;0;0;0m▄▄▄▄▄▄▄▄▄▄▄▄▄[49;38;2;255;255;255m▀[49m     [49;38;2;255;255;255m▀▀[38;2;255;255;255;48;2;0;0;0m▄▄▄▄▄▄▄[49;38;2;255;255;255m▀[49m      [m
